$Nodes
36
1 0.0 0.0 0.0
2 0.0 0.2 0.0
3 0.0 0.4 0.0
4 0.0 0.6 0.0
5 0.0 0.8 0.0
6 0.0 1.0 0.0
7 0.2 0.0 0.0
8 0.2 0.2 0.0
9 0.2 0.4 0.0
10 0.2 0.6 0.0
11 0.2 0.8 0.0
12 0.2 1.0 0.0
13 0.4 0.0 0.0
14 0.4 0.2 0.0
15 0.4 0.4 0.0
16 0.4 0.6 0.0
17 0.4 0.8 0.0
18 0.4 1.0 0.0
19 0.6 0.0 0.0
20 0.6 0.2 0.0
21 0.6 0.4 0.0
22 0.6 0.6 0.0
23 0.6 0.8 0.0
24 0.6 1.0 0.0
25 0.8 0.0 0.0
26 0.8 0.2 0.0
27 0.8 0.4 0.0
28 0.8 0.6 0.0
29 0.8 0.8 0.0
30 0.8 1.0 0.0
31 1.0 0.0 0.0
32 1.0 0.2 0.0
33 1.0 0.4 0.0
34 1.0 0.6 0.0
35 1.0 0.8 0.0
36 1.0 1.0 0.0
$Elements
25
0: np = 4 1 7 8 2
1: np = 4 2 8 9 3
2: np = 4 3 9 10 4
3: np = 4 4 10 11 5
4: np = 4 5 11 12 6
5: np = 4 7 13 14 8
6: np = 4 8 14 15 9
7: np = 4 9 15 16 10
8: np = 4 10 16 17 11
9: np = 4 11 17 18 12
10: np = 4 13 19 20 14
11: np = 4 14 20 21 15
12: np = 4 15 21 22 16
13: np = 4 16 22 23 17
14: np = 4 17 23 24 18
15: np = 4 19 25 26 20
16: np = 4 20 26 27 21
17: np = 4 21 27 28 22
18: np = 4 22 28 29 23
19: np = 4 23 29 30 24
20: np = 4 25 31 32 26
21: np = 4 26 32 33 27
22: np = 4 27 33 34 28
23: np = 4 28 34 35 29
24: np = 4 29 35 36 30
$EndElements
